#timestamp x y z qx qy qz qw id
1788163407.909564 -9.334920 27.622898 0.309284 -0.027380 -0.012813 0.996120 -0.082651 1
1788163415.981039 -9.334250 27.612001 0.310737 -0.030171 -0.008862 0.998371 -0.047608 15
1788163418.259142 -9.717526 27.550608 0.309700 0.001120 -0.019922 0.999043 -0.038918 19
1788163418.780318 -10.066223 27.515421 0.312523 -0.001978 -0.013378 0.998979 -0.043109 20
1788163419.300067 -10.426458 27.487276 0.315428 -0.007259 -0.016917 0.999767 -0.011298 21
1788163419.821050 -10.798909 27.471954 0.314489 -0.011051 -0.009807 0.999759 -0.016227 22
1788163420.342058 -11.190614 27.457663 0.314058 -0.016736 -0.012560 0.999614 -0.018295 23
1788163420.862139 -11.591743 27.441525 0.313880 -0.010350 -0.010295 0.999569 -0.025456 24
1788163421.383049 -11.997284 27.420040 0.314809 -0.013644 -0.014378 0.999290 -0.032027 25
1788163421.969048 -12.412149 27.389492 0.310980 -0.007227 -0.012875 0.998408 -0.054443 26
1788163422.489593 -12.782409 27.345882 0.310568 -0.007548 -0.016140 0.999111 -0.038204 27
1788163423.010067 -13.151193 27.318935 0.312622 -0.007195 -0.016035 0.999318 -0.032482 28
1788163423.531057 -13.492966 27.304060 0.313751 -0.004399 -0.013644 0.999314 -0.034143 29
1788163424.051911 -13.879951 27.270683 0.313554 -0.015079 -0.010753 0.998889 -0.043329 30
1788163424.572657 -14.277349 27.238298 0.313889 -0.012792 -0.011927 0.998786 -0.046060 31
1788163425.093536 -14.669791 27.193129 0.314110 -0.016030 -0.015223 0.998415 -0.051759 32
1788163425.614426 -15.040854 27.152817 0.313496 -0.013462 -0.014794 0.998652 -0.047893 33
1788163426.135049 -15.357427 27.126652 0.305562 -0.009694 -0.003779 0.999291 -0.036186 34
1788163426.655934 -15.633229 27.107353 0.309357 -0.004708 0.003474 0.999401 -0.034098 35
1788163427.176554 -15.931349 27.085192 0.310451 -0.005125 -0.005563 0.999159 -0.040299 36
1788163427.697255 -16.263664 27.052444 0.305427 -0.006009 -0.016478 0.999055 -0.039758 37
1788163428.218054 -16.603363 27.020666 0.308144 0.000477 -0.014614 0.999154 -0.038444 38
1788163428.738613 -16.925295 27.003239 0.309941 -0.003969 -0.014597 0.999880 0.003209 39
1788163429.324602 -17.294230 26.998569 0.309957 -0.006738 -0.016668 0.999838 -0.000251 40
1788163429.845549 -17.633305 26.996950 0.311650 -0.006739 -0.016106 0.999827 -0.006385 41
1788163430.366081 -17.983953 26.987709 0.313279 -0.012677 -0.013367 0.999768 -0.011130 42
1788163430.887402 -18.337595 26.978512 0.310850 -0.015321 -0.010128 0.999656 -0.018721 43
1788163431.407535 -18.689770 26.954988 0.305730 -0.015735 -0.007213 0.999502 -0.026386 44
1788163431.928931 -19.028704 26.936626 0.305165 -0.010410 -0.002469 0.999629 -0.025043 45
1788163432.449051 -19.359743 26.912020 0.308862 0.002525 -0.001946 0.999693 -0.024586 46
1788163432.970084 -19.688570 26.897707 0.311316 -0.004014 0.000926 0.999711 -0.023669 47
1788163433.491055 -20.027761 26.885874 0.311830 -0.004291 0.001357 0.999525 -0.030503 48
1788163434.011560 -20.379002 26.862904 0.308686 -0.006658 -0.008763 0.999349 -0.034355 49
1788163434.532070 -20.721813 26.835861 0.307345 -0.007716 -0.008034 0.999263 -0.036742 50
1788163435.053430 -21.067587 26.819317 0.308164 -0.016958 0.000441 0.999126 -0.038195 51
1788163435.574064 -21.370783 26.797678 0.309278 -0.004509 -0.019798 0.999431 -0.026942 52
1788163436.094539 -21.699997 26.778965 0.313465 -0.010635 -0.015529 0.999585 -0.021806 53
1788163436.615579 -22.035610 26.764866 0.313366 -0.013047 -0.007006 0.999680 -0.020522 54
1788163437.136619 -22.342920 26.764162 0.304129 -0.013947 -0.003872 0.999813 -0.012794 55
1788163437.657052 -22.665598 26.755564 0.307998 -0.013658 -0.009345 0.999818 0.009531 56
1788163438.177723 -22.939466 26.779255 0.311590 -0.011805 0.005439 0.997976 0.062253 57
1788163438.698020 -23.255136 26.820412 0.309921 -0.003110 -0.000014 0.998481 0.055016 58
1788163439.219209 -23.594492 26.855446 0.309573 -0.009216 -0.006519 0.999555 0.027625 59
1788163439.739523 -23.923986 26.858284 0.305664 -0.008592 -0.011551 0.999722 0.018675 60
1788163440.260056 -24.253090 26.855974 0.309506 -0.000864 -0.013844 0.999807 -0.013889 61
1788163440.780572 -24.592293 26.839432 0.311743 -0.011198 -0.015057 0.999652 -0.018537 62
1788163441.366591 -24.984028 26.820654 0.309439 -0.005640 -0.017965 0.999588 -0.021679 63
1788163441.887051 -25.331907 26.799150 0.312458 -0.006286 -0.016176 0.999521 -0.025618 64
1788163442.407526 -25.682606 26.776188 0.313701 -0.012877 -0.010950 0.999351 -0.031810 65
1788163442.928540 -26.014465 26.745100 0.309387 -0.016455 -0.015174 0.996619 -0.079053 66
1788163443.449031 -26.293056 26.656101 0.300108 -0.009983 -0.017173 0.971659 -0.235549 67
1788163443.970090 -26.500008 26.472939 0.302891 -0.000945 -0.003716 0.892209 -0.451607 68
1788163444.489948 -26.597782 26.210951 0.306781 -0.004986 0.002965 -0.761556 0.648073 69
1788163445.009606 -26.573832 25.934120 0.308826 -0.003671 0.004069 -0.586702 0.809784 70
1788163445.530039 -26.426933 25.699129 0.312940 -0.005796 0.000471 -0.376642 0.926340 71
1788163446.049816 -26.181381 25.567379 0.310762 -0.014132 -0.001021 -0.144503 0.989403 72
1788163446.570054 -25.911810 25.558893 0.307395 -0.008885 -0.008547 0.018862 0.999746 73
1788163447.090821 -25.610855 25.580370 0.307006 -0.007131 -0.018208 0.022748 0.999550 74
1788163447.611587 -25.293930 25.605589 0.309227 -0.013879 -0.001921 0.047732 0.998762 75
1788163448.132578 -24.991804 25.648945 0.309400 -0.017762 -0.003973 0.095357 0.995277 76
1788163448.718050 -24.660700 25.756571 0.311437 -0.022243 -0.004272 0.192903 0.980956 77
1788163449.239063 -24.396603 25.897863 0.309765 -0.017064 -0.002123 0.285466 0.958234 78
1788163449.760058 -24.151300 26.095165 0.307998 -0.012432 -0.001069 0.349640 0.936801 79
1788163450.280703 -23.921755 26.284052 0.307324 -0.003661 0.002670 0.303635 0.952778 80
1788163450.801537 -23.697704 26.392593 0.311601 0.019266 -0.000793 0.134542 0.990720 81
1788163451.323555 -23.433544 26.449690 0.311223 0.001086 -0.005721 0.102489 0.994717 82
1788163451.843810 -23.141281 26.510509 0.308762 -0.004722 0.005917 0.106438 0.994291 83
1788163452.430204 -22.817385 26.583586 0.307364 -0.009682 0.003057 0.093819 0.995538 84
1788163452.950562 -22.543287 26.637484 0.307929 -0.007935 -0.002029 0.094306 0.995510 85
1788163453.471654 -22.254753 26.692783 0.311890 -0.014072 0.003503 0.100510 0.994830 86
1788163453.992133 -21.977526 26.744139 0.313428 -0.011499 0.009633 0.075291 0.997049 87
1788163454.513050 -21.703495 26.782042 0.304271 -0.002354 0.011579 0.083156 0.996467 88
1788163455.034084 -21.417545 26.830919 0.306882 -0.001986 0.005814 0.093469 0.995603 89
1788163455.554523 -21.145277 26.877708 0.311136 0.002455 0.003774 0.087853 0.996123 90
1788163456.140581 -20.829308 26.930044 0.309457 -0.002523 0.003584 0.083148 0.996528 91
1788163456.661691 -20.562595 26.979071 0.304380 -0.006987 0.011909 0.063820 0.997866 92
1788163457.182078 -20.299183 27.013615 0.310551 -0.007720 0.011739 0.041817 0.999026 93
1788163457.703046 -20.056776 27.032650 0.309072 -0.014602 0.012741 0.039862 0.999017 94
1788163458.223521 -19.773485 27.053713 0.302234 -0.003600 0.003354 0.050091 0.998733 95
1788163458.744483 -19.481863 27.079544 0.307991 0.006450 0.003649 0.056163 0.998394 96
1788163459.265545 -19.188307 27.107489 0.312519 0.007410 0.007735 0.061441 0.998053 97
1788163459.785585 -18.882151 27.144199 0.308677 -0.005973 0.005684 0.066751 0.997736 98
1788163460.306637 -18.591860 27.182255 0.304651 -0.005202 0.013477 0.062930 0.997913 99
1788163460.827530 -18.313639 27.219503 0.309218 -0.014920 0.004170 0.066348 0.997676 100
1788163461.348064 -18.020864 27.256495 0.312785 -0.011302 0.009001 0.069404 0.997484 101
1788163461.869061 -17.719343 27.296164 0.307986 -0.002219 0.015954 0.075772 0.996995 102
1788163462.389744 -17.439825 27.331785 0.305237 0.017670 0.002061 0.077592 0.996826 103
1788163462.910545 -17.198063 27.351339 0.307345 0.016660 0.011659 0.046148 0.998728 104
1788163463.496557 -16.911497 27.376888 0.306359 -0.001683 0.011096 0.052758 0.998544 105
1788163464.017137 -16.631603 27.406376 0.305919 -0.003475 0.008989 0.054606 0.998461 106
1788163464.538553 -16.390648 27.433388 0.310673 -0.008091 0.008367 0.041897 0.999054 107
1788163465.383557 -16.021925 27.473818 0.305174 -0.006454 0.009248 0.055797 0.998378 108
1788163465.905030 -15.792288 27.502920 0.309554 -0.010469 0.007301 0.063889 0.997875 109
1788163466.425592 -15.555389 27.525969 0.301301 0.013210 0.000010 0.072439 0.997285 110
1788163466.946166 -15.311517 27.567003 0.307413 0.003859 0.000674 0.078983 0.996868 111
1788163467.467026 -15.068296 27.612677 0.302359 -0.004248 0.007581 0.081534 0.996633 112
1788163467.987556 -14.838969 27.654829 0.309088 -0.011335 0.006568 0.088451 0.995994 113
1788163468.508052 -14.597225 27.700338 0.301115 -0.007131 0.006891 0.093870 0.995535 114
1788163469.094079 -14.347467 27.753593 0.304810 0.000716 0.009412 0.101968 0.994743 115
1788163469.614700 -14.141519 27.797968 0.299679 -0.009253 0.006472 0.071781 0.997357 116
1788163470.135071 -13.973048 27.827692 0.306616 -0.010036 0.010332 0.044704 0.998896 117
1788163470.656580 -13.792871 27.836336 0.300489 -0.000326 0.006601 0.026410 0.999629 118
1788163471.177021 -13.589326 27.854813 0.300180 -0.014324 0.004428 0.026019 0.999549 119
1788163471.698014 -13.406751 27.859255 0.306514 -0.011775 -0.000376 0.014433 0.999826 120
1788163472.218050 -13.214066 27.865227 0.302928 -0.012438 0.000586 0.020757 0.999707 121
1788163472.804303 -12.978397 27.875866 0.304137 0.005415 -0.003605 0.029228 0.999552 122
1788163473.324535 -12.751165 27.892897 0.303818 -0.004364 0.002968 0.031738 0.999482 123
1788163473.845078 -12.543653 27.915726 0.306978 -0.013859 0.003741 0.033762 0.999327 124
1788163474.366172 -12.327550 27.926594 0.298524 -0.001238 0.007355 0.042014 0.999089 125
1788163474.886415 -12.120727 27.938057 0.306390 0.005766 0.000400 0.013005 0.999899 126
1788163475.472697 -11.907351 27.922861 0.299254 0.002631 0.007261 -0.130354 0.991437 127
1788163475.993721 -11.769913 27.835472 0.311202 -0.008977 0.006620 -0.340271 0.940261 128
1788163476.579593 -11.688299 27.673485 0.313041 -0.000863 0.006966 -0.581852 0.813265 129
1788163477.100753 -11.695524 27.517540 0.308394 0.008189 -0.010227 -0.773996 0.633055 130
1788163477.622563 -11.766970 27.398113 0.306790 0.000935 -0.019419 0.916622 -0.399283 131
1788163478.143599 -11.893133 27.336218 0.303309 0.002394 -0.013773 0.995201 -0.096847 132
1788163478.665111 -12.033787 27.319616 0.304591 0.011070 -0.012080 0.999776 -0.013401 133
1788163479.185783 -12.167638 27.317812 0.296659 0.017826 -0.012939 0.999677 0.012687 134
1788163479.706821 -12.282764 27.329613 0.293593 0.029338 0.003833 0.999540 0.006703 135
1788163480.297618 -12.435158 27.331858 0.290544 0.022067 -0.000526 0.999707 0.009931 136
1788163480.817563 -12.580274 27.324699 0.294599 0.021608 -0.012294 0.999619 0.011992 137
1788163481.338082 -12.737543 27.325985 0.296664 0.005036 -0.013006 0.999874 0.007582 138
1788163484.526577 -12.744065 27.322351 0.301740 -0.005847 -0.016114 0.999781 -0.012044 144
